loss
1.195485234260559
1.5090744495391846
1.9124490022659302
1.8400682210922241
1.6891239881515503
1.9077506065368652
1.689287543296814
2.91959547996521
3.015573501586914
3.008777618408203
2.2994189262390137
2.2876088619232178
2.2871603965759277
2.2871227264404297
2.2871313095092773
2.287163734436035
2.287123918533325
2.2871336936950684
2.2871060371398926
2.287132740020752
2.287132740020752
2.2871038913726807
2.287142276763916
2.2871510982513428
2.287174940109253
2.2871620655059814
2.287144422531128
2.28709077835083
2.287123680114746
2.2871406078338623
2.2871501445770264
2.287149667739868
2.287116050720215
2.287137508392334
2.2871010303497314
2.287156343460083
2.2871270179748535
2.287144899368286
2.287100076675415
2.2871079444885254
2.2871437072753906
2.287158489227295
2.287121057510376
2.2871334552764893
2.2871479988098145
2.2871224880218506
2.2871530055999756
2.287106990814209
2.2871179580688477
2.287107467651367
accuracy
0.8230488300323486
0.7924892902374268
0.7596824169158936
0.7016928791999817
0.7180752754211426
0.695223867893219
0.668087899684906
0.6212719678878784
0.5683650970458984
0.3357136845588684
0.2858943045139313
0.28959086537361145
0.28959086537361145
0.28959086537361145
0.28959086537361145
0.28959086537361145
0.28959086537361145
0.28959086537361145
0.28959086537361145
0.28959086537361145
0.28959086537361145
0.28959086537361145
0.28959086537361145
0.28959086537361145
0.28959086537361145
0.28959086537361145
0.28959086537361145
0.28959086537361145
0.28959086537361145
0.28959086537361145
0.28959086537361145
0.28959086537361145
0.28959086537361145
0.28959086537361145
0.28959086537361145
0.28959086537361145
0.28959086537361145
0.28959086537361145
0.28959086537361145
0.28959086537361145
0.28959086537361145
0.28959086537361145
0.28959086537361145
0.28959086537361145
0.28959086537361145
0.28959086537361145
0.28959086537361145
0.28959086537361145
0.28959086537361145
0.28959086537361145
val_loss
0.6362224817276001
0.9725733399391174
0.6971837282180786
0.886864423751831
0.5738390684127808
0.7527520656585693
1.6295231580734253
1.0344183444976807
1.4005165100097656
2.3415467739105225
2.288099527359009
2.286813974380493
2.28669810295105
2.286750316619873
2.286771774291992
2.286681890487671
2.2867228984832764
2.2867090702056885
2.2867655754089355
2.2867038249969482
2.286665678024292
2.286735773086548
2.286712408065796
2.2866973876953125
2.2866885662078857
2.2866857051849365
2.2866668701171875
2.286687135696411
2.286670446395874
2.2867233753204346
2.2867252826690674
2.2866604328155518
2.2866952419281006
2.286677598953247
2.286689043045044
2.2866830825805664
2.286677598953247
2.2866737842559814
2.2867014408111572
2.2867212295532227
2.2867274284362793
2.286696195602417
2.2867393493652344
2.2867074012756348
2.286682367324829
2.2867162227630615
2.286672353744507
2.2867238521575928
2.2867558002471924
2.286774158477783
val_accuracy
0.911551296710968
0.8849774599075317
0.7728966474533081
0.7506373524665833
0.8371249437332153
0.7776034474372864
0.6969994306564331
0.6649342775344849
0.5929594039916992
0.15934497117996216
0.289664626121521
0.289664626121521
0.289664626121521
0.289664626121521
0.289664626121521
0.289664626121521
0.289664626121521
0.289664626121521
0.289664626121521
0.289664626121521
0.289664626121521
0.289664626121521
0.289664626121521
0.289664626121521
0.289664626121521
0.289664626121521
0.289664626121521
0.289664626121521
0.289664626121521
0.289664626121521
0.289664626121521
0.289664626121521
0.289664626121521
0.289664626121521
0.289664626121521
0.289664626121521
0.289664626121521
0.289664626121521
0.289664626121521
0.289664626121521
0.289664626121521
0.289664626121521
0.289664626121521
0.289664626121521
0.289664626121521
0.289664626121521
0.289664626121521
0.289664626121521
0.289664626121521
0.289664626121521
