loss
0.37690281867980957
0.09549771249294281
0.03952668234705925
0.02109803818166256
0.012883474119007587
0.009538448415696621
0.00911054015159607
0.0068027847446501255
0.005592699162662029
0.005155147518962622
0.003753823693841696
0.003659188747406006
0.005022434517741203
0.002919404301792383
0.0024842454586178064
0.0043358332477509975
0.003627282567322254
0.002002598252147436
0.0013356987619772553
0.004360182210803032
0.002530154539272189
0.002778304275125265
0.0017657516291365027
0.0022765735629945993
0.002724964637309313
0.0016643402632325888
0.001446481212042272
0.00312744895927608
0.0025192752946168184
0.0003798666293732822
0.001646455260924995
0.001269371947273612
0.001123384339734912
0.0014268201775848866
0.003301827935501933
0.00078984210267663
0.0016296074027195573
0.0012190856505185366
0.0017391787841916084
0.0012555283028632402
0.00033994499244727194
0.00184983282815665
0.0023567311000078917
0.0026507829315960407
0.0004616953374352306
0.0012724502012133598
0.0019341439474374056
0.00036687558167614043
0.0012883828021585941
0.0008243724005296826
0.0008377176127396524
0.001555071328766644
0.0004445614176802337
0.0013608396984636784
0.0012870233040302992
0.0010068234987556934
0.0014395975740626454
0.0031111182179301977
0.0013526539551094174
0.0009036710252985358
0.0012268394930288196
0.00113139976747334
0.00024369588936679065
4.566153074847534e-05
0.00020222095190547407
0.0026509705930948257
0.00036400023964233696
0.0010377768194302917
0.0003349486505612731
7.195582293206826e-05
0.00028155880863778293
0.0030670182313770056
0.0013133077882230282
0.00023418311320710927
0.0019602756947278976
0.0013721348950639367
0.0009601154597476125
0.00027025447343476117
0.0013216467341408134
0.0008127884939312935
0.0005015768692828715
0.0012143730418756604
0.0007502668886445463
0.00262275617569685
0.0006908869254402816
0.0006061906460672617
0.0012215791502967477
0.0005180153530091047
7.446185918524861e-06
0.00015750163584016263
3.560534196367371e-07
9.149460744595217e-09
0.00010075964382849634
0.0011962749995291233
0.0013176134089007974
0.0008513772045262158
0.002281655790284276
3.7102952774148434e-05
0.0007875229930505157
0.00014078477397561073
accuracy
0.8946484327316284
0.968012273311615
0.9873981475830078
0.9935730695724487
0.9963874816894531
0.9972485899925232
0.998004674911499
0.998424768447876
0.9988658428192139
0.9986557960510254
0.9992648959159851
0.9992439150810242
0.9990968704223633
0.9994329214096069
0.999411940574646
0.9992228746414185
0.9993699193000793
0.9995379447937012
0.9997269511222839
0.9992228746414185
0.9995379447937012
0.9995379447937012
0.9996009469032288
0.9995799660682678
0.9993909001350403
0.9996639490127563
0.999705970287323
0.9996009469032288
0.9996639490127563
0.9999160170555115
0.9996849298477173
0.9997479915618896
0.9998319745063782
0.9998109936714172
0.9994329214096069
0.9998739957809448
0.9997269511222839
0.9997899532318115
0.999705970287323
0.999705970287323
0.9999160170555115
0.9997479915618896
0.9997269511222839
0.9994959235191345
0.9998529553413391
0.9997899532318115
0.9995589256286621
0.9999160170555115
0.9997899532318115
0.9998949766159058
0.9998529553413391
0.9996639490127563
0.9998739957809448
0.9997689723968506
0.9997899532318115
0.9998319745063782
0.9997899532318115
0.999411940574646
0.9998319745063782
0.9998739957809448
0.9997689723968506
0.9998319745063782
0.9999579787254333
0.9999790191650391
0.9999579787254333
0.9996849298477173
0.9999160170555115
0.9998109936714172
0.9998529553413391
0.9999790191650391
0.9999369978904724
0.9996009469032288
0.9998319745063782
0.9999369978904724
0.9997479915618896
0.9997899532318115
0.9999369978904724
0.9998949766159058
0.9997899532318115
0.9998109936714172
0.9999579787254333
0.9998949766159058
0.9999369978904724
0.9997899532318115
0.9998319745063782
0.9998109936714172
0.9998529553413391
0.9999369978904724
1.0
0.9999579787254333
1.0
1.0
0.9999579787254333
0.9998949766159058
0.9998949766159058
0.9999369978904724
0.9997269511222839
0.9999790191650391
0.9998319745063782
0.9999790191650391
val_loss
0.17639708518981934
0.2149496078491211
0.248470738530159
0.3028130531311035
0.35815367102622986
0.6068028211593628
0.4474330246448517
0.5303449034690857
0.5247576236724854
0.6295827627182007
0.7207980155944824
0.6048768758773804
0.6704181432723999
0.7541729211807251
0.7555685639381409
0.8805162906646729
0.7961031794548035
0.9796262383460999
1.0406101942062378
0.9491726160049438
0.8774227499961853
0.9141221642494202
1.222626805305481
1.0572597980499268
1.344886302947998
1.2091282606124878
1.2429029941558838
1.1446181535720825
1.1951524019241333
1.1055890321731567
1.2520657777786255
1.2589027881622314
1.6268640756607056
1.3653591871261597
1.3298532962799072
1.2109994888305664
1.4064563512802124
1.7263704538345337
1.408724069595337
1.4728528261184692
1.6777586936950684
1.3674452304840088
2.561723470687866
1.5278197526931763
1.4865448474884033
1.6372637748718262
1.6296359300613403
1.54093599319458
1.6961172819137573
1.5883086919784546
1.7734763622283936
1.7487949132919312
1.5627374649047852
1.6277546882629395
1.7054667472839355
1.7549787759780884
2.3242290019989014
1.6011784076690674
1.8452541828155518
2.203550100326538
1.787957787513733
1.8460566997528076
1.784095048904419
2.0638768672943115
2.3514318466186523
1.8920506238937378
2.013406753540039
1.7112873792648315
1.7956291437149048
1.869433045387268
1.7884396314620972
2.1514105796813965
2.0239450931549072
1.8176628351211548
1.8371148109436035
1.9411779642105103
1.8848395347595215
2.3174657821655273
2.0012459754943848
1.9512330293655396
2.0870144367218018
2.017115354537964
2.2980310916900635
2.3259356021881104
1.8613590002059937
2.014603853225708
2.5842981338500977
2.270460605621338
1.9178848266601562
2.1630444526672363
2.227393388748169
2.307245969772339
2.438215970993042
2.0457067489624023
2.225241184234619
2.0107972621917725
2.08209228515625
2.3014044761657715
2.417367458343506
2.363619565963745
val_accuracy
0.937830924987793
0.9388115406036377
0.9356736540794373
0.9387134909629822
0.940086305141449
0.9244949817657471
0.9354775547981262
0.9337124824523926
0.937830924987793
0.9315552115440369
0.9317513108253479
0.9353795051574707
0.9327319264411926
0.9358697533607483
0.9360659122467041
0.933418333530426
0.9339085817337036
0.9266523122787476
0.9283192753791809
0.9263581037521362
0.9350852966308594
0.9325357675552368
0.9266523122787476
0.9276328682899475
0.927534818649292
0.9288095831871033
0.9295940399169922
0.9288095831871033
0.9245930314064026
0.9335163831710815
0.9323396682739258
0.9255736470222473
0.9195920825004578
0.9285153746604919
0.930966854095459
0.9268484115600586
0.930770754814148
0.9157677888870239
0.9262600541114807
0.9228280186653137
0.93116295337677
0.9269464612007141
0.9108648896217346
0.9292017817497253
0.9285153746604919
0.9247891902923584
0.9240047335624695
0.9270445108413696
0.9292998909950256
0.9268484115600586
0.9226318597793579
0.9225338101387024
0.9240047335624695
0.9280251264572144
0.924298882484436
0.9262600541114807
0.9203765392303467
0.9249852895736694
0.925279438495636
0.9175328612327576
0.9222396612167358
0.924298882484436
0.9269464612007141
0.9187095761299133
0.9239066243171692
0.9211609959602356
0.9228280186653137
0.9239066243171692
0.927534818649292
0.9256716966629028
0.9276328682899475
0.9246911406517029
0.925279438495636
0.9267503619194031
0.9288095831871033
0.9265542030334473
0.9249852895736694
0.9233183264732361
0.9261620044708252
0.9251813888549805
0.9305745959281921
0.9300843477249146
0.9288095831871033
0.9225338101387024
0.9255736470222473
0.9265542030334473
0.9234163761138916
0.9235144257545471
0.9266523122787476
0.9251813888549805
0.9264561533927917
0.9266523122787476
0.924102783203125
0.9280251264572144
0.9255736470222473
0.9247891902923584
0.9258677959442139
0.9247891902923584
0.9278289675712585
0.9245930314064026
