loss
0.5703433156013489
0.16171026229858398
0.16224348545074463
0.47562819719314575
0.1630478799343109
0.17927880585193634
0.1901005357503891
0.16746963560581207
0.20712459087371826
0.16417080163955688
0.20553523302078247
0.18763083219528198
0.1903325468301773
0.19047453999519348
0.212389275431633
accuracy
0.8202763795852661
0.9520708918571472
0.9623834490776062
0.9642736911773682
0.9692724347114563
0.9723598957061768
0.974061131477356
0.9755523800849915
0.9778837561607361
0.979185938835144
0.9803830981254578
0.9821683764457703
0.9843106865882874
0.9852558374404907
0.9852768182754517
val_loss
0.12366688996553421
0.10913403332233429
0.11313510686159134
0.18604080379009247
0.4707857668399811
0.2781337797641754
0.278717577457428
0.17631380259990692
0.16622920334339142
0.3603050708770752
0.42287731170654297
0.14949215948581696
0.35071757435798645
0.27857619524002075
0.24926482141017914
val_accuracy
0.9543047547340393
0.9647970199584961
0.971464991569519
0.952637791633606
0.943714439868927
0.962345540523529
0.9607766270637512
0.9672484993934631
0.9773485064506531
0.9379290342330933
0.9502843618392944
0.9769562482833862
0.9774465560913086
0.9727397561073303
0.9826436638832092
