loss
0.3482291102409363
0.29908156394958496
0.3634772002696991
0.46692603826522827
0.6014334559440613
0.8385780453681946
0.9144250750541687
1.265299916267395
1.6034817695617676
1.9851537942886353
2.324575424194336
1.9848206043243408
2.3189711570739746
2.7548346519470215
2.492293119430542
2.900984764099121
2.9839110374450684
2.559041976928711
2.3350515365600586
3.093785047531128
accuracy
0.8910358548164368
0.9203141927719116
0.9147694110870361
0.9006763100624084
0.8826346397399902
0.8551415801048279
0.8378350138664246
0.7871754765510559
0.7194194793701172
0.6959800124168396
0.6349659562110901
0.606590747833252
0.5805678963661194
0.5044106245040894
0.49936991930007935
0.49861380457878113
0.4630555212497711
0.46515583992004395
0.48111820220947266
0.4923758804798126
val_loss
0.13618917763233185
0.11451249569654465
0.108365997672081
0.2615712881088257
0.2258654087781906
0.6521375179290771
1.4564300775527954
0.43900540471076965
0.8044207096099854
0.6459677815437317
0.864787757396698
1.0247617959976196
40.9280891418457
1.3536099195480347
1.4531053304672241
1.6760578155517578
1.8559480905532837
1.9728184938430786
1.8694086074829102
1.7986648082733154
val_accuracy
0.9525397419929504
0.9605805277824402
0.9665620923042297
0.9280251264572144
0.9428319334983826
0.8950774669647217
0.8948813676834106
0.8535987734794617
0.7311237454414368
0.7938811779022217
0.7729946970939636
0.6816042065620422
0.2701510190963745
0.6047264337539673
0.5483428239822388
0.574720561504364
0.43783095479011536
0.4844087064266205
0.4070405960083008
0.446460098028183
